intrinsic:
847.7660073248139 0.0 632.5321734836956 
0.0 865.9671963375781 413.4615776233299 
0.0 0.0 1.0 
distortion:
-0.19977548457164185 3.0728692328073692 0.005897057971429498 -0.0023905608590064995 -16.03267496727628 
