intrinsic:
921.4895046167527 0.0 623.175700940227 
0.0 930.1894173416457 436.0020667116657 
0.0 0.0 1.0 
distortion:
0.15904625071411918 -0.2373078219190225 0.011153494109719199 -0.02760955967026944 0.40171297906553927 
